TOPO
Name	ID	Child	HopCount	Gain	Res	
Man	0	 W1 W2	0	40.17022676180084	30.3030303030303
W1	1	 W3 W5	1	38.50516868100683	30.3030303030303
W2	2	 W4	1	34.40409949201857	30.3030303030303
W3	3		2	30.3030303030303	30.3030303030303
W4	4		2	30.3030303030303	30.3030303030303
W5	5		2	30.3030303030303	30.3030303030303

RANKING: anpha = 2.0
Node: 0 Rank: 0.754365427975289 RankCluster: 0.9098633815511525
Node: 1 Rank: 0.7792594870984736 RankCluster: 0.8129565815529313
Node: 2 Rank: 0.7792594870984736 RankCluster: 0.9098633815511525
Node: 3 Rank: 0.8129565815529313 RankCluster: 0.8129565815529313
Node: 4 Rank: 0.9098633815511525 RankCluster: 0.9098633815511525
Node: 5 Rank: 0.8129565815529313 RankCluster: 0.8129565815529313

WL	nodeID	worload	timeCompute	timeTrans	timeServ	

100 	 0 	 0.0 	 0.0 	 0.0 	 0.0
100 	 1 	 78.69860421615985 	 2.5970539391332754 	 0.0 	 2.5970539391332754
100 	 2 	 0.0 	 0.0 	 0.0 	 0.0
100 	 3 	 10.650697891920075 	 0.3514730304333625 	 0.0426027915676803 	 0.3940758220010428
100 	 4 	 0.0 	 0.0 	 0.0 	 0.0
100 	 5 	 10.650697891920075 	 0.3514730304333625 	 0.0426027915676803 	 0.3940758220010428

200 	 0 	 0.0 	 0.0 	 0.0 	 0.0
200 	 1 	 157.3972084323197 	 5.194107878266551 	 0.0 	 5.194107878266551
200 	 2 	 0.0 	 0.0 	 0.0 	 0.0
200 	 3 	 21.30139578384015 	 0.702946060866725 	 0.0852055831353606 	 0.7881516440020856
200 	 4 	 0.0 	 0.0 	 0.0 	 0.0
200 	 5 	 21.30139578384015 	 0.702946060866725 	 0.0852055831353606 	 0.7881516440020856

300 	 0 	 0.0 	 0.0 	 0.0 	 0.0
300 	 1 	 236.09581264847955 	 7.791161817399826 	 0.0 	 7.791161817399826
300 	 2 	 0.0 	 0.0 	 0.0 	 0.0
300 	 3 	 31.952093675760224 	 1.0544190913000875 	 0.1278083747030409 	 1.1822274660031284
300 	 4 	 0.0 	 0.0 	 0.0 	 0.0
300 	 5 	 31.952093675760224 	 1.0544190913000875 	 0.1278083747030409 	 1.1822274660031284

400 	 0 	 0.0 	 0.0 	 0.0 	 0.0
400 	 1 	 314.7944168646394 	 10.388215756533102 	 0.0 	 10.388215756533102
400 	 2 	 0.0 	 0.0 	 0.0 	 0.0
400 	 3 	 42.6027915676803 	 1.40589212173345 	 0.1704111662707212 	 1.5763032880041712
400 	 4 	 0.0 	 0.0 	 0.0 	 0.0
400 	 5 	 42.6027915676803 	 1.40589212173345 	 0.1704111662707212 	 1.5763032880041712

500 	 0 	 0.0 	 0.0 	 0.0 	 0.0
500 	 1 	 393.4930210807993 	 12.985269695666377 	 0.0 	 12.985269695666377
500 	 2 	 0.0 	 0.0 	 0.0 	 0.0
500 	 3 	 53.253489459600374 	 1.7573651521668125 	 0.2130139578384015 	 1.9703791100052142
500 	 4 	 0.0 	 0.0 	 0.0 	 0.0
500 	 5 	 53.253489459600374 	 1.7573651521668125 	 0.2130139578384015 	 1.9703791100052142
