TOPO
Name	ID	Child	HopCount	Gain	Res	
Man	0	 W1 W2	0	64.90196157735522	30.3030303030303
W1	1	 W3 W5	1	52.59875401039044	30.3030303030303
W2	2	 W4	1	41.45089215671037	30.3030303030303
W3	3		2	30.3030303030303	30.3030303030303
W4	4		2	30.3030303030303	30.3030303030303
W5	5		2	30.3030303030303	30.3030303030303

RANKING: anpha = 1.0
Node: 0 Rank: 0.4669046908068069 RankCluster: 0.7551835117247951
Node: 1 Rank: 0.4823125456034315 RankCluster: 0.5951287419631015
Node: 2 Rank: 0.4823125456034315 RankCluster: 0.7551835117247951
Node: 3 Rank: 0.5951287419631015 RankCluster: 0.5951287419631015
Node: 4 Rank: 0.7551835117247951 RankCluster: 0.7551835117247951
Node: 5 Rank: 0.5951287419631015 RankCluster: 0.5951287419631015

WL	nodeID	worload	timeCompute	timeTrans	timeServ	

100 	 0 	 46.69046908068069 	 1.540785479662463 	 0.0 	 1.540785479662463
100 	 1 	 17.176463673433318 	 0.5668233012232995 	 0.06870585469373328 	 0.6355291559170327
100 	 2 	 17.176463673433318 	 0.5668233012232995 	 0.06870585469373328 	 0.6355291559170327
100 	 3 	 6.318867857484229 	 0.2085226392969796 	 0.05055094285987383 	 0.25907358215685344
100 	 4 	 6.318867857484229 	 0.2085226392969796 	 0.05055094285987383 	 0.25907358215685344
100 	 5 	 6.318867857484229 	 0.2085226392969796 	 0.05055094285987383 	 0.25907358215685344

200 	 0 	 93.38093816136139 	 3.081570959324926 	 0.0 	 3.081570959324926
200 	 1 	 34.352927346866636 	 1.133646602446599 	 0.13741170938746655 	 1.2710583118340655
200 	 2 	 34.352927346866636 	 1.133646602446599 	 0.13741170938746655 	 1.2710583118340655
200 	 3 	 12.637735714968459 	 0.4170452785939592 	 0.10110188571974767 	 0.5181471643137069
200 	 4 	 12.637735714968459 	 0.4170452785939592 	 0.10110188571974767 	 0.5181471643137069
200 	 5 	 12.637735714968459 	 0.4170452785939592 	 0.10110188571974767 	 0.5181471643137069

300 	 0 	 140.07140724204208 	 4.6223564389873895 	 0.0 	 4.6223564389873895
300 	 1 	 51.529391020299954 	 1.7004699036698987 	 0.20611756408119983 	 1.9065874677510986
300 	 2 	 51.52939102029995 	 1.7004699036698985 	 0.2061175640811998 	 1.9065874677510983
300 	 3 	 18.95660357245269 	 0.6255679178909388 	 0.1516528285796215 	 0.7772207464705603
300 	 4 	 18.956603572452686 	 0.6255679178909387 	 0.15165282857962148 	 0.7772207464705602
300 	 5 	 18.95660357245269 	 0.6255679178909388 	 0.1516528285796215 	 0.7772207464705603

400 	 0 	 186.76187632272277 	 6.163141918649852 	 0.0 	 6.163141918649852
400 	 1 	 68.70585469373327 	 2.267293204893198 	 0.2748234187749331 	 2.542116623668131
400 	 2 	 68.70585469373327 	 2.267293204893198 	 0.2748234187749331 	 2.542116623668131
400 	 3 	 25.275471429936918 	 0.8340905571879184 	 0.20220377143949533 	 1.0362943286274138
400 	 4 	 25.275471429936918 	 0.8340905571879184 	 0.20220377143949533 	 1.0362943286274138
400 	 5 	 25.275471429936918 	 0.8340905571879184 	 0.20220377143949533 	 1.0362943286274138

500 	 0 	 233.45234540340346 	 7.703927398312315 	 0.0 	 7.703927398312315
500 	 1 	 85.88231836716659 	 2.8341165061164975 	 0.34352927346866635 	 3.1776457795851636
500 	 2 	 85.88231836716659 	 2.8341165061164975 	 0.34352927346866635 	 3.1776457795851636
500 	 3 	 31.594339287421143 	 1.0426131964848977 	 0.25275471429936913 	 1.2953679107842668
500 	 4 	 31.594339287421146 	 1.042613196484898 	 0.2527547142993692 	 1.295367910784267
500 	 5 	 31.594339287421143 	 1.0426131964848977 	 0.25275471429936913 	 1.2953679107842668
