Name	ID		Hopcount	Gain	Res		
Man	0	0	40.6060606060606	30.3030303030303
W1	1	1	36.36363636363636	30.3030303030303
W2	2	1	33.33333333333333	30.3030303030303
W3	3	2	30.3030303030303	30.3030303030303
W4	4	2	30.3030303030303	30.3030303030303
W5	5	2	30.3030303030303	30.3030303030303
RANKING
WL	nodeID	worload	timeCompute	timeTrans	
100 	 0 	 74.6268656716418 		 2.4626865671641793 		 0.0
100 	 1 	 7.46268656716418 		 0.24626865671641796 		 0.02985074626865672
100 	 2 	 7.462686567164178 		 0.2462686567164179 		 0.029850746268656712
100 	 3 	 0.746268656716418 		 0.024626865671641796 		 0.005970149253731343
100 	 4 	 0.7462686567164177 		 0.02462686567164179 		 0.005970149253731342
100 	 5 	 0.746268656716418 		 0.024626865671641796 		 0.005970149253731343
PSO
WL	nodeID	worload	timeCompute	timeTrans	
100 	 0 	 74.6268656716418 		 2.4626865671641793 		 0.0
100 	 1 	 7.46268656716418 		 0.24626865671641796 		 0.02985074626865672
100 	 2 	 7.462686567164178 		 0.2462686567164179 		 0.029850746268656712
100 	 3 	 0.746268656716418 		 0.024626865671641796 		 0.005970149253731343
100 	 4 	 0.7462686567164177 		 0.02462686567164179 		 0.005970149253731342
100 	 5 	 0.746268656716418 		 0.024626865671641796 		 0.005970149253731343
RANKING
WL	nodeID	worload	timeCompute	timeTrans	
200 	 0 	 149.2537313432836 		 4.925373134328359 		 0.0
200 	 1 	 14.92537313432836 		 0.4925373134328359 		 0.05970149253731344
200 	 2 	 14.925373134328357 		 0.4925373134328358 		 0.059701492537313425
200 	 3 	 1.492537313432836 		 0.04925373134328359 		 0.011940298507462687
200 	 4 	 1.4925373134328355 		 0.04925373134328358 		 0.011940298507462683
200 	 5 	 1.492537313432836 		 0.04925373134328359 		 0.011940298507462687
PSO
WL	nodeID	worload	timeCompute	timeTrans	
200 	 0 	 149.2537313432836 		 4.925373134328359 		 0.0
200 	 1 	 14.92537313432836 		 0.4925373134328359 		 0.05970149253731344
200 	 2 	 14.925373134328357 		 0.4925373134328358 		 0.059701492537313425
200 	 3 	 1.492537313432836 		 0.04925373134328359 		 0.011940298507462687
200 	 4 	 1.4925373134328355 		 0.04925373134328358 		 0.011940298507462683
200 	 5 	 1.492537313432836 		 0.04925373134328359 		 0.011940298507462687
RANKING
WL	nodeID	worload	timeCompute	timeTrans	
300 	 0 	 223.8805970149254 		 7.388059701492539 		 0.0
300 	 1 	 22.38805970149254 		 0.7388059701492539 		 0.08955223880597016
300 	 2 	 22.388059701492537 		 0.7388059701492538 		 0.08955223880597014
300 	 3 	 2.2388059701492535 		 0.07388059701492537 		 0.017910447761194027
300 	 4 	 2.2388059701492535 		 0.07388059701492537 		 0.017910447761194027
300 	 5 	 2.2388059701492535 		 0.07388059701492537 		 0.017910447761194027
PSO
WL	nodeID	worload	timeCompute	timeTrans	
300 	 0 	 223.8805970149254 		 7.388059701492539 		 0.0
300 	 1 	 22.38805970149254 		 0.7388059701492539 		 0.08955223880597016
300 	 2 	 22.388059701492537 		 0.7388059701492538 		 0.08955223880597014
300 	 3 	 2.2388059701492535 		 0.07388059701492537 		 0.017910447761194027
300 	 4 	 2.2388059701492535 		 0.07388059701492537 		 0.017910447761194027
300 	 5 	 2.2388059701492535 		 0.07388059701492537 		 0.017910447761194027
RANKING
WL	nodeID	worload	timeCompute	timeTrans	
400 	 0 	 298.5074626865672 		 9.850746268656717 		 0.0
400 	 1 	 29.85074626865672 		 0.9850746268656718 		 0.11940298507462688
400 	 2 	 29.850746268656714 		 0.9850746268656716 		 0.11940298507462685
400 	 3 	 2.985074626865672 		 0.09850746268656718 		 0.023880597014925373
400 	 4 	 2.985074626865671 		 0.09850746268656715 		 0.023880597014925366
400 	 5 	 2.985074626865672 		 0.09850746268656718 		 0.023880597014925373
PSO
WL	nodeID	worload	timeCompute	timeTrans	
400 	 0 	 298.5074626865672 		 9.850746268656717 		 0.0
400 	 1 	 29.85074626865672 		 0.9850746268656718 		 0.11940298507462688
400 	 2 	 29.850746268656714 		 0.9850746268656716 		 0.11940298507462685
400 	 3 	 2.985074626865672 		 0.09850746268656718 		 0.023880597014925373
400 	 4 	 2.985074626865671 		 0.09850746268656715 		 0.023880597014925366
400 	 5 	 2.985074626865672 		 0.09850746268656718 		 0.023880597014925373
RANKING
WL	nodeID	worload	timeCompute	timeTrans	
500 	 0 	 373.13432835820896 		 12.313432835820896 		 0.0
500 	 1 	 37.313432835820905 		 1.2313432835820899 		 0.14925373134328362
500 	 2 	 37.31343283582089 		 1.2313432835820894 		 0.14925373134328357
500 	 3 	 3.73134328358209 		 0.12313432835820898 		 0.02985074626865672
500 	 4 	 3.7313432835820888 		 0.12313432835820894 		 0.02985074626865671
500 	 5 	 3.73134328358209 		 0.12313432835820898 		 0.02985074626865672
PSO
WL	nodeID	worload	timeCompute	timeTrans	
500 	 0 	 373.13432835820896 		 12.313432835820896 		 0.0
500 	 1 	 37.313432835820905 		 1.2313432835820899 		 0.14925373134328362
500 	 2 	 37.31343283582089 		 1.2313432835820894 		 0.14925373134328357
500 	 3 	 3.73134328358209 		 0.12313432835820898 		 0.02985074626865672
500 	 4 	 3.7313432835820888 		 0.12313432835820894 		 0.02985074626865671
500 	 5 	 3.73134328358209 		 0.12313432835820898 		 0.02985074626865672
